REMARK MICS Protein Structural Motif Prediction Table
REMARK Prediction Summary for Chemical Shift Input peaks.shenbax

REMARK  CS_COUNT is the number of chemical shifts for given residue
REMARK  Q_H is the predicted probability to be a residue in a helix
REMARK  Q_E is the predicted probability to be a residue in a strand
REMARK  Q_L is the predicted probability to be a residue in a loop
REMARK  Q_NCAP is the predicted probability to be a Ncap residue in a Ncap motif
REMARK  Q_CCAP is the predicted probability to be a Ccap residue in a Ccap motif
REMARK  Q_T1@2 is the predicted probability to be the 2nd residue in a type I beta-turn
REMARK  Q_T2@2 is the predicted probability to be the 2nd residue in a type II beta-turn
REMARK  Q_T1p@2 is the predicted probability to be the 2nd residue in a type I' beta-turn
REMARK  Q_T2p@2 is the predicted probability to be the 2nd residue in a type II' beta-turn
REMARK  Q_T8@2 is the predicted probability to be the 2nd residue in a type VIII beta-turn
REMARK  S2 is the Wishart RCI chemical shift order parameter [JACS, 127, 14970-14971]

DATA SEQUENCE     NSSAPNMQLS QPSSGAMQTS QSKYVKVWEG NLSGQRQGQP VLITRLEGYR DATA SEQUENCE     SASASDSLAA NWPPTMQIVR LISQDHMNNK QYVGKADFLV FRAMSQHGFL 
DATA SEQUENCE     GQLQDKKLCA VIQLPSQTLL LSVSDKACRL IGMLFPGDMV VFKPQIPN

VARS RESID RESNAME CS_CNT SS_CLASS Q_H Q_E Q_L  Q_NCAP Q_CCAP  Q_T1@2 Q_T2@2 Q_T1p@2 Q_T2p@2 Q_T8@2 S2
FORMAT %4d %1s %2d %1s %8.3f %8.3f %8.3f  %8.3f %8.3f  %8.3f %8.3f %8.3f %8.3f %8.3f  %8.3f

  534 S  4 L    0.022    0.206    0.651     0.005    0.000     0.070    0.006    0.000    0.000    0.040     0.259
  535 S  4 L    0.020    0.269    0.630     0.001    0.000     0.000    0.009    0.014    0.000    0.057     0.322
  536 A  4 L    0.022    0.424    0.515     0.007    0.000     0.021    0.010    0.000    0.002    0.000     0.321
  537 P  2 L    0.058    0.096    0.772     0.002    0.000     0.021    0.000    0.000    0.000    0.051     0.271
  538 N  4 L    0.019    0.051    0.819     0.002    0.007     0.054    0.008    0.010    0.000    0.030     0.265
  539 M  4 L    0.095    0.046    0.678     0.003    0.007     0.104    0.007    0.002    0.000    0.058     0.280
  540 Q  4 L    0.072    0.049    0.792     0.001    0.013     0.000    0.016    0.000    0.015    0.043     0.322
  541 L  4 L    0.228    0.203    0.419     0.003    0.021     0.030    0.020    0.005    0.024    0.048     0.355
  542 S  4 L    0.020    0.192    0.728     0.001    0.013     0.000    0.004    0.003    0.000    0.040     0.410
  543 Q  4 L    0.008    0.445    0.493     0.003    0.006     0.012    0.015    0.004    0.007    0.008     0.449
  544 P  2 L    0.017    0.097    0.804     0.008    0.009     0.022    0.010    0.000    0.000    0.034     0.368
  545 S  4 L    0.033    0.160    0.695     0.003    0.011     0.067    0.016    0.003    0.000    0.012     0.322
  546 S  4 L    0.024    0.266    0.600     0.008    0.008     0.023    0.035    0.006    0.000    0.029     0.304
  547 G  3 L    0.049    0.147    0.711     0.007    0.006     0.019    0.020    0.004    0.009    0.029     0.363
  548 A  4 L    0.119    0.202    0.507     0.005    0.009     0.008    0.035    0.014    0.000    0.100     0.361
  549 M  4 L    0.132    0.079    0.602     0.005    0.007     0.061    0.024    0.025    0.005    0.061     0.404
  550 Q  4 L    0.075    0.072    0.729     0.008    0.015     0.007    0.041    0.021    0.003    0.029     0.438
  551 T  4 L    0.156    0.220    0.502     0.003    0.020     0.048    0.030    0.021    0.000    0.000     0.526
  552 S  4 L    0.037    0.152    0.634     0.008    0.013     0.112    0.015    0.029    0.000    0.001     0.488
  553 Q  4 L    0.029    0.089    0.695     0.000    0.020     0.058    0.012    0.050    0.018    0.029     0.455
  554 S  4 L    0.108    0.431    0.360     0.001    0.019     0.025    0.010    0.025    0.000    0.021     0.480
  555 K  4 L    0.004    0.348    0.279     0.000    0.008     0.000    0.000    0.002    0.000    0.358     0.592
  556 Y  4 E    0.003    0.829    0.159     0.000    0.002     0.000    0.002    0.006    0.000    0.000     0.759
  557 V  4 E    0.007    0.841    0.127     0.002    0.003     0.000    0.007    0.002    0.000    0.012     0.844
  558 K  4 E    0.001    0.834    0.136     0.004    0.002     0.000    0.008    0.001    0.004    0.009     0.870
  559 V  4 E    0.033    0.842    0.048     0.000    0.003     0.000    0.000    0.000    0.009    0.065     0.877
  560 W  4 E    0.002    0.805    0.134     0.000    0.003     0.000    0.000    0.000    0.056    0.000     0.864
  561 E  4 E    0.005    0.881    0.099     0.000    0.004     0.000    0.000    0.000    0.006    0.005     0.844
  562 G  3 E    0.002    0.623    0.317     0.000    0.003     0.000    0.000    0.000    0.000    0.056     0.829
  563 N  4 E    0.002    0.820    0.158     0.000    0.002     0.000    0.000    0.013    0.000    0.005     0.847
  564 L  4 E    0.003    0.831    0.132     0.000    0.003     0.000    0.012    0.006    0.000    0.013     0.874
  565 S  4 E    0.001    0.963    0.018     0.002    0.002     0.001    0.004    0.000    0.000    0.009     0.896
  566 G  3 E    0.001    0.909    0.023     0.000    0.003     0.005    0.020    0.025    0.000    0.014     0.881
  567 Q  4 E    0.002    0.938    0.052     0.000    0.003     0.000    0.000    0.005    0.000    0.000     0.863
  568 R  4 E    0.005    0.750    0.233     0.004    0.003     0.000    0.000    0.000    0.004    0.001     0.828
  569 Q  4 L    0.006    0.042    0.339     0.000    0.004     0.017    0.000    0.585    0.004    0.004     0.803
  570 G  3 L    0.008    0.044    0.825     0.000    0.008     0.043    0.029    0.034    0.000    0.008     0.778
  571 Q  4 L    0.003    0.482    0.484     0.000    0.010     0.004    0.000    0.008    0.009    0.000     0.781
  572 P  2 L    0.003    0.437    0.530     0.000    0.001     0.000    0.016    0.005    0.000    0.009     0.778
  573 V  4 E    0.002    0.732    0.237     0.000    0.004     0.000    0.000    0.025    0.001    0.000     0.778
  574 L  4 E    0.003    0.835    0.149     0.001    0.001     0.001    0.000    0.002    0.000    0.007     0.764
  575 I  4 L    0.003    0.182    0.087     0.002    0.001     0.005    0.000    0.000    0.000    0.720     0.776
  576 T  4 E    0.006    0.861    0.123     0.004    0.001     0.000    0.000    0.000    0.000    0.004     0.811
  577 R  4 E    0.002    0.670    0.273     0.004    0.002     0.000    0.000    0.000    0.000    0.048     0.859
  578 L  4 E    0.000    0.838    0.139     0.003    0.003     0.000    0.009    0.007    0.000    0.000     0.890
  579 E  4 E    0.000    0.945    0.020     0.007    0.003     0.000    0.000    0.000    0.013    0.012     0.892
  580 G  3 E    0.001    0.831    0.124     0.000    0.003     0.004    0.010    0.000    0.027    0.000     0.893
  581 Y  4 E    0.012    0.809    0.150     0.000    0.003     0.012    0.007    0.000    0.000    0.006     0.887
  582 R  4 E    0.000    0.880    0.080     0.000    0.003     0.005    0.012    0.000    0.019    0.000     0.876
  583 S  4 E    0.010    0.676    0.280     0.017    0.007     0.000    0.005    0.004    0.000    0.002     0.789
  584 A  4 L    0.053    0.074    0.230     0.001    0.006     0.603    0.000    0.002    0.000    0.031     0.746
  585 S  4 L    0.165    0.126    0.307     0.000    0.008     0.000    0.083    0.035    0.009    0.268     0.698
  586 A  4 L    0.061    0.222    0.568     0.033    0.007     0.031    0.021    0.017    0.000    0.040     0.740
  587 S  4 L    0.013    0.156    0.693     0.094    0.007     0.016    0.000    0.000    0.000    0.020     0.759
  588 D  4 L    0.178    0.034    0.484     0.021    0.008     0.191    0.072    0.011    0.001    0.000     0.809
  589 S  4 H    0.501    0.016    0.287     0.000    0.012     0.160    0.000    0.016    0.009    0.000     0.819
  590 L  4 H    0.614    0.005    0.144     0.001    0.012     0.154    0.000    0.000    0.004    0.067     0.835
  591 A  4 L    0.317    0.120    0.493     0.000    0.021     0.043    0.000    0.000    0.006    0.000     0.834
  592 A  4 L    0.059    0.054    0.189     0.005    0.023     0.585    0.031    0.012    0.000    0.041     0.804
  593 N  4 L    0.080    0.041    0.548     0.002    0.013     0.090    0.060    0.098    0.015    0.053     0.780
  594 W  4 L    0.019    0.370    0.481     0.002    0.003     0.047    0.046    0.025    0.005    0.000     0.757
  595 P  0 L    0.050    0.130    0.791     0.002    0.005     0.002    0.007    0.000    0.000    0.014     0.722
  596 P  2 L    0.020    0.020    0.081     0.000    0.007     0.047    0.009    0.042    0.000    0.774     0.701
  597 T  4 E    0.003    0.637    0.340     0.002    0.007     0.000    0.000    0.011    0.000    0.000     0.732
  598 M  4 E    0.002    0.824    0.170     0.000    0.000     0.002    0.000    0.000    0.002    0.000     0.780
  599 Q  4 E    0.004    0.862    0.106     0.000    0.000     0.006    0.007    0.006    0.010    0.000     0.800
  600 I  4 E    0.003    0.825    0.148     0.003    0.002     0.005    0.006    0.003    0.000    0.005     0.808
  601 V  4 L    0.001    0.231    0.099     0.000    0.006     0.000    0.007    0.003    0.002    0.650     0.825
  602 R  4 E    0.019    0.945    0.026     0.000    0.003     0.000    0.000    0.000    0.007    0.000     0.874
  603 L  3 E    0.004    0.799    0.175     0.007    0.001     0.000    0.014    0.000    0.000    0.000     0.892
  604 I  3 E    0.018    0.726    0.222     0.026    0.000     0.000    0.000    0.004    0.004    0.000     0.877
  605 S  4 L    0.038    0.110    0.163     0.624    0.000     0.016    0.018    0.015    0.000    0.016     0.857
  606 Q  3 H    0.827    0.018    0.070     0.001    0.005     0.032    0.023    0.023    0.000    0.001     0.865
  607 D  4 H    0.928    0.002    0.012     0.002    0.018     0.012    0.017    0.009    0.000    0.000     0.889
  608 H  4 H    0.931    0.004    0.007     0.004    0.020     0.025    0.000    0.004    0.000    0.005     0.895
  609 M  4 H    0.838    0.004    0.080     0.012    0.026     0.037    0.000    0.000    0.000    0.003     0.840
  610 N  4 L    0.320    0.024    0.528     0.000    0.053     0.019    0.007    0.000    0.005    0.045     0.781
  611 N  4 L    0.068    0.083    0.724     0.059    0.000     0.012    0.047    0.006    0.000    0.001     0.751
  612 K  4 L    0.430    0.027    0.199     0.000    0.017     0.205    0.029    0.013    0.001    0.078     0.770
  613 Q  4 L    0.390    0.019    0.395     0.000    0.022     0.126    0.015    0.003    0.015    0.015     0.795
  614 Y  4 L    0.388    0.036    0.522     0.008    0.024     0.000    0.000    0.010    0.005    0.007     0.787
  615 V  4 L    0.189    0.109    0.439     0.014    0.031     0.082    0.134    0.002    0.000    0.000     0.743
  616 G  3 L    0.108    0.039    0.609     0.002    0.025     0.112    0.030    0.065    0.009    0.000     0.737
  617 K  4 L    0.059    0.083    0.345     0.002    0.020     0.026    0.007    0.036    0.001    0.420     0.766
  618 A  4 L    0.002    0.447    0.518     0.000    0.005     0.000    0.000    0.028    0.000    0.000     0.816
  619 D  4 E    0.001    0.773    0.208     0.000    0.001     0.000    0.000    0.005    0.004    0.008     0.839
  620 F  4 E    0.001    0.853    0.139     0.004    0.002     0.000    0.000    0.000    0.000    0.001     0.853
  621 L  4 E    0.003    0.859    0.128     0.004    0.001     0.000    0.000    0.000    0.000    0.005     0.881
  622 V  4 E    0.003    0.979    0.007     0.002    0.004     0.000    0.000    0.000    0.000    0.005     0.902
  623 F  4 E    0.001    0.862    0.130     0.000    0.004     0.000    0.004    0.000    0.000    0.000     0.907
  624 R  4 E    0.000    0.961    0.014     0.000    0.004     0.006    0.008    0.007    0.000    0.000     0.872
  625 A  4 E    0.001    0.930    0.057     0.000    0.003     0.001    0.006    0.000    0.000    0.001     0.812
  626 M  4 L    0.004    0.242    0.146     0.000    0.003     0.008    0.000    0.000    0.008    0.589     0.747
  627 S  4 E    0.017    0.530    0.387     0.014    0.009     0.000    0.042    0.000    0.000    0.000     0.746
  628 Q  4 L    0.008    0.426    0.520     0.012    0.007     0.000    0.014    0.009    0.005    0.000     0.778
  629 H  4 E    0.034    0.529    0.292     0.129    0.004     0.000    0.012    0.000    0.000    0.000     0.852
  630 G  3 L    0.124    0.077    0.175     0.476    0.005     0.103    0.000    0.030    0.010    0.000     0.884
  631 F  4 H    0.882    0.012    0.048     0.023    0.009     0.004    0.000    0.008    0.009    0.006     0.904
  632 L  4 H    0.899    0.007    0.060     0.000    0.017     0.006    0.000    0.000    0.012    0.000     0.896
  633 G  3 H    0.919    0.003    0.035     0.003    0.025     0.006    0.000    0.009    0.002    0.000     0.888
  634 Q  4 H    0.902    0.003    0.022     0.000    0.029     0.000    0.016    0.014    0.000    0.014     0.889
  635 L  4 H    0.892    0.009    0.027     0.002    0.027     0.000    0.028    0.015    0.000    0.000     0.902
  636 Q  4 H    0.928    0.009    0.019     0.000    0.034     0.000    0.010    0.000    0.000    0.000     0.905
  637 D  4 H    0.860    0.001    0.066     0.003    0.029     0.015    0.008    0.016    0.000    0.000     0.898
  638 K  3 L    0.156    0.034    0.396     0.000    0.369     0.023    0.000    0.016    0.006    0.000     0.884
  639 K  4 L    0.017    0.076    0.483     0.012    0.000     0.000    0.000    0.023    0.018    0.371     0.886
  640 L  4 E    0.011    0.684    0.255     0.000    0.020     0.003    0.002    0.010    0.014    0.000     0.895
  641 C  4 E    0.001    0.840    0.136     0.004    0.002     0.009    0.005    0.003    0.000    0.000     0.895
  642 A  4 E    0.004    0.915    0.016     0.000    0.000     0.001    0.027    0.016    0.000    0.022     0.876
  643 V  4 E    0.014    0.895    0.068     0.000    0.002     0.000    0.009    0.008    0.002    0.002     0.836
  644 I  4 E    0.004    0.845    0.145     0.000    0.003     0.000    0.001    0.000    0.000    0.002     0.810
  645 Q  4 E    0.003    0.896    0.082     0.007    0.002     0.000    0.004    0.006    0.000    0.000     0.789
  646 L  4 L    0.014    0.258    0.708     0.000    0.001     0.000    0.000    0.000    0.000    0.018     0.773
  647 P  2 L    0.002    0.018    0.105     0.000    0.008     0.753    0.039    0.032    0.000    0.043     0.781
  648 S  4 L    0.002    0.060    0.126     0.002    0.008     0.000    0.000    0.027    0.000    0.775     0.804
  649 Q  4 E    0.002    0.883    0.102     0.000    0.000     0.000    0.000    0.013    0.000    0.000     0.860
  650 T  4 E    0.003    0.956    0.023     0.004    0.000     0.001    0.009    0.001    0.000    0.002     0.892
  651 L  4 E    0.003    0.851    0.129     0.004    0.001     0.000    0.000    0.000    0.000    0.013     0.918
  652 L  4 E    0.004    0.862    0.124     0.001    0.002     0.000    0.000    0.000    0.000    0.006     0.917
  653 L  4 E    0.003    0.851    0.135     0.000    0.003     0.001    0.000    0.000    0.000    0.006     0.899
  654 S  4 E    0.004    0.947    0.029     0.000    0.003     0.000    0.001    0.006    0.000    0.010     0.846
  655 V  4 E    0.003    0.873    0.086     0.001    0.003     0.007    0.010    0.008    0.000    0.009     0.797
  656 S  4 L    0.006    0.221    0.723     0.000    0.004     0.000    0.009    0.010    0.000    0.026     0.757
  657 D  4 L    0.014    0.344    0.423     0.010    0.007     0.113    0.013    0.024    0.005    0.047     0.757
  658 K  4 L    0.056    0.262    0.512     0.006    0.006     0.088    0.031    0.021    0.006    0.012     0.757
  659 A  4 L    0.026    0.105    0.373     0.003    0.010     0.439    0.000    0.023    0.009    0.012     0.777
  660 C  4 L    0.021    0.113    0.696     0.005    0.008     0.001    0.006    0.060    0.000    0.089     0.795
  661 R  4 E    0.001    0.736    0.230     0.000    0.000     0.000    0.007    0.018    0.008    0.000     0.826
  662 L  4 E    0.003    0.849    0.132     0.003    0.001     0.000    0.000    0.000    0.000    0.012     0.842
  663 I  4 E    0.003    0.828    0.123     0.004    0.003     0.001    0.012    0.010    0.000    0.015     0.854
  664 G  3 E    0.000    0.948    0.018     0.000    0.003     0.000    0.009    0.007    0.005    0.010     0.868
  665 M  4 E    0.000    0.977    0.013     0.000    0.004     0.000    0.003    0.001    0.000    0.002     0.890
  666 L  4 E    0.000    0.853    0.141     0.000    0.004     0.000    0.000    0.000    0.001    0.000     0.893
  667 F  4 E    0.006    0.587    0.359     0.002    0.002     0.001    0.000    0.000    0.000    0.043     0.849
  668 P  2 L    0.019    0.235    0.704     0.004    0.009     0.000    0.029    0.000    0.000    0.000     0.737
  669 G  3 L    0.004    0.033    0.794     0.001    0.006     0.139    0.015    0.000    0.008    0.000     0.620
  670 D  4 L    0.008    0.140    0.765     0.003    0.009     0.011    0.000    0.000    0.000    0.065     0.549
  671 M  4 L    0.024    0.363    0.553     0.004    0.007     0.015    0.003    0.000    0.005    0.025     0.475
  672 V  4 E    0.027    0.519    0.308     0.000    0.002     0.002    0.009    0.004    0.005    0.125     0.476
  673 V  4 L    0.016    0.093    0.831     0.000    0.008     0.014    0.007    0.000    0.000    0.031     0.472
  674 F  4 L    0.004    0.231    0.699     0.011    0.006     0.000    0.000    0.000    0.000    0.050     0.533
  675 K  4 L    0.037    0.317    0.638     0.000    0.002     0.000    0.002    0.000    0.000    0.005     0.533
  676 P  2 L    0.084    0.290    0.511     0.012    0.012     0.034    0.002    0.003    0.000    0.049     0.541
  677 Q  4 L    0.123    0.314    0.467     0.000    0.004     0.035    0.002    0.003    0.000    0.050     0.524
  678 I  4 L    0.113    0.164    0.713     0.000    0.010     0.000    0.000    0.000    0.000    0.000     0.481
  679 P  2 E    0.180    0.419    0.398     0.000    0.003     0.000    0.000    0.000    0.000    0.000     0.431
