REMARK MICS Protein Structural Motif Prediction Table
REMARK Prediction Summary for Chemical Shift Input cs_unbound_shifty_210722_shenbax.txt

REMARK  CS_COUNT is the number of chemical shifts for given residue
REMARK  Q_H is the predicted probability to be a residue in a helix
REMARK  Q_E is the predicted probability to be a residue in a strand
REMARK  Q_L is the predicted probability to be a residue in a loop
REMARK  Q_NCAP is the predicted probability to be a Ncap residue in a Ncap motif
REMARK  Q_CCAP is the predicted probability to be a Ccap residue in a Ccap motif
REMARK  Q_T1@2 is the predicted probability to be the 2nd residue in a type I beta-turn
REMARK  Q_T2@2 is the predicted probability to be the 2nd residue in a type II beta-turn
REMARK  Q_T1p@2 is the predicted probability to be the 2nd residue in a type I' beta-turn
REMARK  Q_T2p@2 is the predicted probability to be the 2nd residue in a type II' beta-turn
REMARK  Q_T8@2 is the predicted probability to be the 2nd residue in a type VIII beta-turn
REMARK  S2 is the Wishart RCI chemical shift order parameter [JACS, 127, 14970-14971]

DATA SEQUENCE     NSSAPNMQLS QPSSGAMQTS QSKYVKVWEG NLSGQRQGQP VLITRLEGYR DATA SEQUENCE     SASASDSLAA NWPPTMQIVR LISQDHMNNK QYVGKADFLV FRAMSQHGFL 
DATA SEQUENCE     GQLQDKKLCA VIQLPSQTLL LSVSDKACRL IGMLFPGDMV VFKPQIPN

VARS RESID RESNAME CS_CNT SS_CLASS Q_H Q_E Q_L  Q_NCAP Q_CCAP  Q_T1@2 Q_T2@2 Q_T1p@2 Q_T2p@2 Q_T8@2 S2
FORMAT %4d %1s %2d %1s %8.3f %8.3f %8.3f  %8.3f %8.3f  %8.3f %8.3f %8.3f %8.3f %8.3f  %8.3f

  534 S  5 L    0.031    0.205    0.654     0.003    0.000     0.066    0.000    0.000    0.000    0.041     0.192
  535 S  5 L    0.017    0.230    0.715     0.002    0.000     0.000    0.009    0.009    0.000    0.018     0.209
  536 A  5 L    0.021    0.364    0.569     0.003    0.000     0.020    0.010    0.001    0.003    0.009     0.232
  537 P  3 L    0.077    0.175    0.625     0.001    0.000     0.079    0.000    0.000    0.000    0.042     0.235
  538 N  5 L    0.033    0.062    0.796     0.002    0.012     0.016    0.012    0.007    0.000    0.060     0.211
  539 M  5 L    0.099    0.080    0.755     0.002    0.010     0.017    0.006    0.001    0.000    0.030     0.179
  540 Q  5 L    0.057    0.170    0.681     0.001    0.016     0.000    0.016    0.000    0.013    0.045     0.187
  541 L  5 L    0.231    0.148    0.475     0.003    0.012     0.010    0.025    0.003    0.020    0.073     0.278
  542 S  5 L    0.031    0.284    0.656     0.000    0.013     0.000    0.000    0.000    0.000    0.017     0.396
  543 Q  4 L    0.017    0.171    0.771     0.005    0.000     0.000    0.015    0.000    0.000    0.020     0.493
  544 P  3 L    0.054    0.060    0.715     0.002    0.005     0.141    0.006    0.000    0.000    0.018     0.368
  545 S  5 L    0.025    0.145    0.703     0.005    0.007     0.067    0.019    0.008    0.000    0.020     0.281
  546 S  5 L    0.029    0.213    0.640     0.004    0.008     0.039    0.040    0.006    0.000    0.022     0.196
  547 G  4 L    0.054    0.075    0.775     0.005    0.007     0.050    0.016    0.002    0.006    0.010     0.197
  548 A  5 L    0.136    0.156    0.523     0.005    0.007     0.024    0.021    0.015    0.002    0.111     0.187
  549 M  5 L    0.107    0.260    0.469     0.003    0.006     0.044    0.041    0.019    0.000    0.053     0.228
  550 Q  5 L    0.110    0.097    0.618     0.005    0.017     0.018    0.038    0.018    0.001    0.080     0.254
  551 T  5 L    0.134    0.192    0.596     0.002    0.019     0.034    0.010    0.011    0.001    0.000     0.279
  552 S  5 L    0.027    0.132    0.646     0.003    0.014     0.118    0.015    0.029    0.000    0.016     0.213
  553 Q  5 L    0.023    0.097    0.697     0.000    0.013     0.070    0.023    0.053    0.007    0.016     0.183
  554 S  5 L    0.014    0.398    0.485     0.001    0.010     0.025    0.011    0.033    0.000    0.024     0.248
  555 K  5 L    0.005    0.367    0.291     0.000    0.009     0.000    0.000    0.010    0.004    0.314     0.434
  556 Y  5 E    0.002    0.833    0.156     0.000    0.000     0.000    0.003    0.006    0.000    0.000     0.706
  557 V  5 E    0.002    0.974    0.015     0.003    0.000     0.000    0.006    0.001    0.000    0.001     0.823
  558 K  5 E    0.001    0.889    0.067     0.005    0.002     0.000    0.009    0.001    0.013    0.013     0.873
  559 V  5 E    0.012    0.495    0.038     0.000    0.003     0.000    0.000    0.000    0.004    0.449     0.898
  560 W  5 E    0.002    0.848    0.137     0.000    0.003     0.000    0.000    0.001    0.009    0.000     0.906
  561 E  5 E    0.002    0.937    0.049     0.002    0.003     0.000    0.001    0.000    0.005    0.001     0.903
  562 G  4 E    0.003    0.806    0.172     0.000    0.004     0.000    0.000    0.000    0.000    0.015     0.899
  563 N  5 E    0.000    0.932    0.047     0.003    0.004     0.000    0.000    0.005    0.004    0.004     0.904
  564 L  5 E    0.002    0.844    0.125     0.003    0.004     0.000    0.010    0.001    0.000    0.012     0.911
  565 S  5 E    0.001    0.965    0.018     0.001    0.004     0.000    0.006    0.000    0.000    0.006     0.907
  566 G  4 E    0.001    0.921    0.028     0.000    0.003     0.005    0.015    0.018    0.000    0.009     0.875
  567 Q  5 E    0.001    0.947    0.048     0.000    0.003     0.000    0.000    0.000    0.000    0.000     0.830
  568 R  5 E    0.001    0.757    0.215     0.006    0.002     0.002    0.000    0.003    0.010    0.003     0.768
  569 Q  1 L    0.002    0.182    0.717     0.000    0.001     0.017    0.000    0.081    0.000    0.000     0.743
  570 G  4 L    0.007    0.038    0.659     0.000    0.007     0.052    0.029    0.055    0.000    0.153     0.730
  571 Q  5 E    0.002    0.582    0.383     0.000    0.009     0.015    0.000    0.007    0.003    0.000     0.767
  572 P  3 L    0.002    0.409    0.534     0.000    0.000     0.000    0.002    0.010    0.000    0.044     0.785
  573 V  5 E    0.004    0.741    0.213     0.000    0.000     0.003    0.000    0.034    0.004    0.000     0.806
  574 L  5 E    0.004    0.826    0.150     0.004    0.001     0.003    0.000    0.002    0.000    0.010     0.769
  575 I  2 E    0.014    0.564    0.214     0.000    0.001     0.000    0.000    0.065    0.000    0.140     0.766
  576 T  2 E    0.001    0.895    0.081     0.000    0.003     0.000    0.004    0.001    0.003    0.013     0.784
  577 R  3 E    0.009    0.820    0.168     0.000    0.003     0.000    0.000    0.000    0.000    0.000     0.850
  578 L  5 E    0.001    0.843    0.133     0.000    0.004     0.000    0.008    0.005    0.000    0.006     0.891
  579 E  5 E    0.001    0.960    0.010     0.002    0.004     0.000    0.000    0.000    0.011    0.013     0.907
  580 G  4 E    0.002    0.810    0.133     0.000    0.004     0.010    0.015    0.000    0.026    0.000     0.906
  581 Y  5 E    0.011    0.798    0.143     0.000    0.003     0.013    0.020    0.004    0.000    0.007     0.902
  582 R  5 E    0.000    0.894    0.066     0.001    0.003     0.003    0.013    0.000    0.020    0.000     0.892
  583 S  5 E    0.026    0.689    0.271     0.001    0.000     0.000    0.008    0.002    0.000    0.003     0.848
  584 A  5 L    0.090    0.051    0.213     0.000    0.007     0.613    0.005    0.002    0.000    0.018     0.805
  585 S  5 L    0.134    0.126    0.274     0.000    0.010     0.012    0.074    0.031    0.000    0.339     0.746
  586 A  5 L    0.049    0.154    0.697     0.032    0.009     0.019    0.000    0.003    0.000    0.036     0.760
  587 S  5 L    0.024    0.153    0.681     0.082    0.007     0.029    0.000    0.000    0.000    0.024     0.773
  588 D  5 L    0.248    0.032    0.377     0.012    0.007     0.214    0.082    0.015    0.000    0.012     0.824
  589 S  5 H    0.508    0.022    0.276     0.000    0.012     0.166    0.000    0.011    0.005    0.000     0.822
  590 L  5 H    0.513    0.009    0.198     0.006    0.017     0.182    0.000    0.000    0.005    0.071     0.835
  591 A  5 L    0.195    0.076    0.658     0.000    0.020     0.050    0.001    0.000    0.000    0.000     0.833
  592 A  5 L    0.018    0.047    0.219     0.015    0.007     0.624    0.025    0.006    0.000    0.039     0.812
  593 N  5 L    0.105    0.024    0.570     0.000    0.005     0.074    0.073    0.087    0.015    0.048     0.788
  594 W  5 L    0.027    0.298    0.525     0.007    0.005     0.045    0.043    0.035    0.014    0.000     0.768
  595 P  0 L    0.027    0.123    0.838     0.000    0.008     0.000    0.000    0.000    0.000    0.004     0.741
  596 P  3 L    0.005    0.023    0.091     0.000    0.006     0.071    0.019    0.063    0.000    0.722     0.743
  597 T  5 E    0.002    0.609    0.359     0.000    0.007     0.000    0.000    0.023    0.000    0.000     0.771
  598 M  5 E    0.001    0.884    0.113     0.000    0.000     0.000    0.000    0.000    0.003    0.000     0.813
  599 Q  5 E    0.004    0.935    0.035     0.002    0.000     0.010    0.007    0.005    0.001    0.000     0.812
  600 I  5 E    0.005    0.932    0.039     0.003    0.001     0.003    0.009    0.002    0.000    0.006     0.813
  601 V  5 L    0.003    0.408    0.056     0.002    0.002     0.000    0.012    0.007    0.000    0.508     0.829
  602 R  5 E    0.017    0.960    0.016     0.000    0.003     0.000    0.000    0.000    0.005    0.000     0.880
  603 L  5 E    0.004    0.842    0.150     0.001    0.003     0.000    0.000    0.000    0.000    0.000     0.902
  604 I  5 E    0.011    0.749    0.176     0.037    0.000     0.009    0.004    0.002    0.012    0.000     0.898
  605 S  5 L    0.067    0.159    0.315     0.378    0.002     0.055    0.000    0.011    0.000    0.014     0.882
  606 Q  4 H    0.804    0.015    0.079     0.000    0.009     0.042    0.023    0.019    0.001    0.009     0.885
  607 D  5 H    0.924    0.002    0.010     0.002    0.019     0.011    0.019    0.014    0.000    0.000     0.895
  608 H  5 H    0.927    0.004    0.009     0.005    0.023     0.025    0.000    0.001    0.000    0.005     0.890
  609 M  5 H    0.862    0.006    0.085     0.000    0.025     0.022    0.000    0.000    0.000    0.000     0.833
  610 N  5 L    0.164    0.025    0.619     0.013    0.122     0.024    0.002    0.000    0.003    0.028     0.788
  611 N  5 L    0.068    0.052    0.735     0.041    0.000     0.047    0.049    0.006    0.000    0.001     0.770
  612 K  5 H    0.542    0.023    0.162     0.000    0.020     0.150    0.035    0.014    0.000    0.054     0.795
  613 Q  4 H    0.541    0.008    0.334     0.000    0.017     0.068    0.009    0.000    0.008    0.015     0.805
  614 Y  5 L    0.423    0.038    0.449     0.005    0.024     0.000    0.001    0.000    0.014    0.046     0.778
  615 V  5 L    0.209    0.073    0.481     0.012    0.034     0.056    0.126    0.009    0.000    0.000     0.741
  616 G  4 L    0.134    0.026    0.624     0.009    0.025     0.100    0.017    0.035    0.011    0.020     0.731
  617 K  5 L    0.109    0.057    0.619     0.000    0.021     0.030    0.009    0.037    0.000    0.117     0.759
  618 A  5 L    0.001    0.275    0.657     0.000    0.004     0.000    0.000    0.049    0.001    0.012     0.791
  619 D  5 E    0.002    0.631    0.299     0.000    0.002     0.000    0.000    0.021    0.006    0.039     0.812
  620 F  5 E    0.001    0.855    0.141     0.001    0.002     0.000    0.000    0.000    0.000    0.000     0.829
  621 L  5 E    0.009    0.865    0.121     0.004    0.001     0.000    0.000    0.000    0.000    0.000     0.864
  622 V  5 E    0.002    0.982    0.006     0.002    0.004     0.000    0.000    0.000    0.000    0.005     0.893
  623 F  5 E    0.003    0.849    0.124     0.000    0.003     0.002    0.013    0.006    0.000    0.000     0.895
  624 R  5 E    0.002    0.949    0.021     0.000    0.004     0.004    0.020    0.001    0.000    0.000     0.852
  625 A  5 E    0.001    0.923    0.059     0.004    0.003     0.000    0.007    0.000    0.000    0.002     0.801
  626 M  5 L    0.006    0.390    0.104     0.000    0.002     0.005    0.006    0.000    0.000    0.487     0.742
  627 S  5 E    0.021    0.566    0.386     0.000    0.009     0.000    0.015    0.004    0.000    0.000     0.753
  628 Q  5 L    0.062    0.317    0.579     0.009    0.010     0.000    0.011    0.006    0.005    0.000     0.762
  629 H  5 L    0.090    0.189    0.459     0.149    0.004     0.013    0.038    0.013    0.004    0.042     0.800
  630 G  0 L    0.248    0.026    0.212     0.418    0.007     0.017    0.036    0.028    0.007    0.000     0.812
  631 F  2 H    0.924    0.003    0.032     0.013    0.014     0.000    0.000    0.007    0.000    0.008     0.866
  632 L  5 H    0.958    0.001    0.013     0.003    0.019     0.006    0.000    0.000    0.001    0.000     0.873
  633 G  4 H    0.920    0.002    0.026     0.001    0.027     0.008    0.000    0.010    0.000    0.006     0.886
  634 Q  4 H    0.895    0.002    0.022     0.001    0.034     0.000    0.019    0.017    0.000    0.010     0.895
  635 L  4 H    0.871    0.010    0.029     0.003    0.034     0.000    0.040    0.014    0.000    0.000     0.906
  636 Q  5 H    0.929    0.012    0.014     0.000    0.036     0.000    0.009    0.000    0.000    0.000     0.910
  637 D  5 H    0.882    0.001    0.067     0.001    0.032     0.000    0.007    0.009    0.000    0.000     0.898
  638 K  5 L    0.108    0.018    0.333     0.000    0.481     0.050    0.000    0.004    0.006    0.000     0.876
  639 K  5 L    0.036    0.097    0.731     0.012    0.000     0.011    0.011    0.035    0.017    0.050     0.874
  640 L  5 E    0.091    0.763    0.101     0.000    0.016     0.000    0.010    0.012    0.002    0.006     0.889
  641 C  5 E    0.000    0.916    0.059     0.004    0.001     0.007    0.003    0.007    0.000    0.003     0.908
  642 A  5 E    0.002    0.907    0.014     0.000    0.000     0.000    0.036    0.020    0.000    0.021     0.905
  643 V  5 E    0.003    0.837    0.136     0.000    0.003     0.000    0.010    0.009    0.002    0.000     0.875
  644 I  5 E    0.002    0.846    0.143     0.000    0.004     0.001    0.002    0.001    0.000    0.001     0.837
  645 Q  4 E    0.005    0.831    0.143     0.008    0.002     0.000    0.000    0.000    0.000    0.011     0.805
  646 L  5 L    0.021    0.169    0.797     0.000    0.005     0.004    0.000    0.004    0.000    0.000     0.778
  647 P  3 L    0.003    0.011    0.119     0.001    0.005     0.693    0.117    0.020    0.000    0.030     0.787
  648 S  5 L    0.003    0.046    0.158     0.001    0.008     0.000    0.001    0.060    0.000    0.723     0.811
  649 Q  5 E    0.002    0.798    0.166     0.000    0.006     0.000    0.000    0.027    0.000    0.000     0.868
  650 T  5 E    0.002    0.957    0.019     0.004    0.000     0.001    0.011    0.002    0.000    0.004     0.904
  651 L  5 E    0.002    0.855    0.130     0.003    0.000     0.000    0.000    0.000    0.000    0.010     0.927
  652 L  5 E    0.005    0.856    0.124     0.002    0.002     0.000    0.002    0.000    0.000    0.009     0.923
  653 L  5 E    0.003    0.849    0.132     0.000    0.003     0.002    0.004    0.002    0.000    0.005     0.904
  654 S  5 E    0.002    0.957    0.022     0.000    0.004     0.000    0.000    0.003    0.000    0.012     0.870
  655 V  5 E    0.003    0.901    0.056     0.000    0.003     0.005    0.015    0.008    0.000    0.009     0.818
  656 S  5 L    0.003    0.362    0.587     0.000    0.003     0.000    0.013    0.009    0.000    0.024     0.784
  657 D  5 L    0.011    0.320    0.444     0.007    0.007     0.040    0.014    0.029    0.011    0.116     0.761
  658 K  5 L    0.035    0.229    0.588     0.006    0.005     0.091    0.021    0.017    0.007    0.000     0.768
  659 A  5 L    0.022    0.144    0.575     0.002    0.007     0.218    0.000    0.019    0.008    0.006     0.782
  660 C  4 L    0.012    0.135    0.531     0.001    0.006     0.000    0.003    0.062    0.000    0.250     0.810
  661 R  5 E    0.001    0.745    0.219     0.000    0.000     0.000    0.005    0.014    0.016    0.000     0.839
  662 L  5 E    0.005    0.847    0.126     0.001    0.000     0.000    0.000    0.000    0.009    0.013     0.864
  663 I  5 E    0.004    0.835    0.124     0.004    0.001     0.000    0.002    0.014    0.000    0.017     0.887
  664 G  4 E    0.000    0.933    0.014     0.000    0.004     0.003    0.017    0.016    0.000    0.013     0.902
  665 M  5 E    0.001    0.970    0.017     0.000    0.004     0.001    0.002    0.000    0.003    0.003     0.909
  666 L  5 E    0.000    0.838    0.145     0.000    0.003     0.000    0.008    0.000    0.007    0.000     0.883
  667 F  5 E    0.009    0.549    0.392     0.000    0.003     0.004    0.002    0.000    0.000    0.041     0.808
  668 P  3 L    0.011    0.213    0.662     0.000    0.000     0.028    0.079    0.006    0.000    0.000     0.702
  669 G  4 L    0.006    0.040    0.794     0.000    0.009     0.145    0.006    0.000    0.000    0.000     0.634
  670 D  5 L    0.005    0.051    0.882     0.004    0.007     0.000    0.008    0.001    0.000    0.041     0.588
  671 M  5 E    0.028    0.574    0.364     0.000    0.008     0.007    0.005    0.001    0.001    0.012     0.531
  672 V  5 E    0.017    0.629    0.234     0.004    0.000     0.002    0.000    0.000    0.000    0.114     0.525
  673 V  5 L    0.020    0.212    0.710     0.006    0.000     0.012    0.003    0.000    0.000    0.036     0.521
  674 F  5 L    0.010    0.196    0.753     0.011    0.004     0.000    0.000    0.000    0.000    0.026     0.562
  675 K  5 L    0.007    0.218    0.770     0.001    0.000     0.000    0.002    0.000    0.000    0.003     0.454
  676 P  3 L    0.090    0.281    0.521     0.012    0.008     0.034    0.003    0.003    0.000    0.048     0.465
  677 Q  5 L    0.126    0.319    0.460     0.000    0.007     0.034    0.003    0.003    0.000    0.048     0.470
  678 I  5 L    0.112    0.141    0.738     0.000    0.008     0.000    0.000    0.000    0.000    0.000     0.547
  679 P  3 L    0.163    0.412    0.422     0.000    0.003     0.000    0.000    0.000    0.000    0.000     0.515
